      0/29     5.42G   0.06836   0.03777   0.03111    0.1372        22       640    0.4223    0.7468    0.5478    0.3075   0.04319   0.02068   0.01413
      1/29     5.41G   0.05114   0.02701   0.01704   0.09519        16       640    0.6972    0.7463    0.7686    0.4845   0.04241   0.01884  0.008627
      2/29     5.41G   0.04857   0.02639   0.01337   0.08834        24       640    0.7451    0.7197    0.7901    0.4972   0.04565      0.02  0.007045
      3/29     5.41G   0.04451   0.02733   0.01202   0.08387        22       640    0.7996    0.6692    0.7742    0.4666   0.04113   0.02123  0.007705
      4/29     5.41G   0.04119   0.02872   0.01114   0.08104        12       640     0.802     0.731    0.8232    0.5646   0.03739   0.02025  0.006863
      5/29     5.41G   0.03844   0.02749   0.01021   0.07614         9       640    0.8394    0.7605    0.8552    0.5822   0.03741   0.01986  0.005575
      6/29     5.41G   0.03756   0.02686  0.009854   0.07428        23       640    0.8122    0.7826    0.8522    0.5942   0.03605   0.01971  0.005002
      7/29     5.41G   0.03586   0.02636  0.008915   0.07113        14       640    0.8422    0.8145    0.8756    0.6158   0.03612   0.01967   0.00462
      8/29     5.41G   0.03527   0.02536  0.008174    0.0688        25       640     0.879    0.7878    0.8805    0.6432   0.03462   0.01896  0.004274
      9/29     5.41G   0.03387   0.02504  0.007852   0.06676        14       640    0.8436    0.8119    0.8728    0.6329    0.0342   0.01885   0.00388
     10/29     5.41G   0.03283   0.02425  0.007393   0.06447        16       640    0.8271    0.8531    0.8896    0.6595   0.03255   0.01855  0.003882
     11/29     5.41G   0.03206   0.02334  0.007267   0.06267        19       640    0.8587    0.8191    0.8799    0.6619   0.03391   0.01926  0.004168
     12/29     5.41G   0.03118   0.02368   0.00673   0.06159        24       640    0.8749    0.8042    0.8833    0.6561   0.03238   0.01907  0.003514
     13/29     5.41G   0.02991   0.02336  0.006736      0.06        14       640    0.8686    0.8323    0.8976    0.6812   0.03105   0.01888  0.003422
     14/29     5.41G   0.02901   0.02258  0.006081   0.05766        22       640    0.8647     0.816    0.8927    0.6741   0.03029   0.01856  0.003617
     15/29     5.41G   0.02861   0.02205  0.005871   0.05653        29       640    0.8147    0.8492    0.8783    0.6772   0.03038    0.0187  0.004205
     16/29     5.41G   0.02776   0.02186  0.005575    0.0552        28       640    0.7734    0.7859    0.8486    0.6398   0.03067   0.01935  0.007377
     17/29     5.41G   0.02711   0.02133  0.005389   0.05383        18       640    0.8123    0.8434     0.886    0.6863   0.02943   0.01849  0.004642
     18/29     5.41G   0.02652   0.02103  0.005363   0.05291        18       640    0.8535    0.8093     0.892    0.6879   0.02859   0.01856  0.004512
     19/29     5.41G   0.02566   0.02059  0.004853    0.0511        26       640    0.8406    0.8221    0.8811    0.6877   0.02845   0.01817  0.004559
     20/29     5.41G   0.02521   0.02021  0.004463   0.04988        17       640     0.844    0.8526    0.8992    0.7004   0.02851   0.01862  0.003724
     21/29     5.41G   0.02422   0.01973  0.004388   0.04834        21       640    0.8548    0.8516    0.9058    0.7214   0.02784   0.01838  0.003861
     22/29     5.41G   0.02359   0.01922  0.004085   0.04689        23       640    0.8566    0.8467    0.9057    0.7135   0.02756   0.01793  0.003071
     23/29     5.41G   0.02337   0.01879  0.003875   0.04603        14       640    0.8594    0.8786    0.9171    0.7391   0.02696   0.01797  0.002537
     24/29     5.41G   0.02286   0.01858  0.003817   0.04525        15       640    0.9038    0.8497     0.917    0.7404   0.02706    0.0181  0.002026
     25/29     5.41G   0.02223   0.01807  0.003514   0.04382        14       640    0.8777    0.8813    0.9136     0.741   0.02765   0.01776  0.001807
     26/29     5.41G   0.02166   0.01798  0.003633   0.04327        26       640     0.877     0.867    0.9147    0.7389    0.0269   0.01819  0.001856
     27/29     5.41G   0.02121    0.0173  0.003388    0.0419        18       640    0.9049    0.8601    0.9216    0.7539   0.02682   0.01804  0.001833
     28/29     5.41G   0.02117   0.01762  0.003184   0.04197        22       640    0.8969    0.8653     0.916    0.7422    0.0266   0.01827  0.002228
     29/29     5.41G    0.0211   0.01714  0.003294   0.04154        24       640    0.8861    0.8767    0.9156    0.7425   0.02668   0.01815  0.001996
