      0/24     9.71G   0.05366   0.02608         0   0.07975        24       640    0.8023    0.8671    0.8777    0.5202    0.0334   0.01035         0
      1/24     9.61G   0.03806    0.0185         0   0.05655        11       640    0.8399    0.8776    0.9278    0.6218   0.02925  0.008861         0
      2/24     9.61G   0.03793   0.01817         0    0.0561        18       640    0.8726     0.827    0.8899    0.5559   0.02921   0.01034         0
      3/24     9.61G     0.036      0.02         0   0.05599        15       640     0.843    0.8312    0.8831    0.5728   0.02733   0.01057         0
      4/24     9.61G   0.03432   0.01939         0   0.05371        14       640    0.8965    0.8221    0.9015    0.6221   0.02571  0.009846         0
      5/24     9.61G   0.03261     0.019         0    0.0516        17       640    0.8739    0.8628    0.8988    0.6126   0.02719  0.009741         0
      6/24     9.61G   0.03053   0.01815         0   0.04868        18       640    0.8536    0.8734    0.9195    0.6711   0.02195  0.009403         0
      7/24     9.61G   0.02844   0.01725         0   0.04569        15       640     0.939    0.8122    0.9313     0.697   0.02181  0.008681         0
      8/24     9.61G   0.02854   0.01737         0   0.04591        12       640    0.8303    0.8772    0.9085    0.6797   0.02215  0.009251         0
      9/24     9.61G   0.02705   0.01665         0    0.0437        14       640    0.9094    0.8692    0.9398     0.729   0.02056   0.00852         0
     10/24     9.61G   0.02638   0.01628         0   0.04266        10       640    0.8993    0.8667    0.9269    0.7129   0.02171  0.008614         0
     11/24     9.61G   0.02501   0.01613         0   0.04113        14       640    0.9019    0.8732    0.9411    0.7232   0.02057  0.008482         0
     12/24     9.61G   0.02443   0.01578         0   0.04021        11       640    0.8875    0.8987    0.9383    0.7205   0.02083  0.008608         0
     13/24     9.61G   0.02305   0.01479         0   0.03784        13       640    0.8735    0.9325    0.9518    0.7612   0.01958  0.008117         0
     14/24     9.61G   0.02243   0.01497         0    0.0374        15       640    0.8851    0.8797    0.9321    0.7303   0.01965  0.008597         0
     15/24     9.61G   0.02194   0.01447         0   0.03641        16       640    0.8971     0.884    0.9452    0.7719   0.01858  0.008102         0
     16/24     9.61G   0.02032   0.01389         0   0.03421        13       640    0.8847    0.9072    0.9452    0.7547   0.01881  0.008478         0
     17/24     9.61G   0.02025   0.01356         0   0.03381        12       640    0.8918    0.9219    0.9555    0.7798    0.0178  0.008054         0
     18/24     9.61G   0.01966   0.01322         0   0.03287        15       640    0.9174    0.8945    0.9539    0.7872   0.01881  0.007901         0
     19/24     9.61G   0.01841   0.01283         0   0.03124        15       640    0.9247    0.9071    0.9487    0.7809   0.01677  0.007723         0
     20/24     9.61G   0.01811   0.01229         0    0.0304        15       640    0.9175    0.9155    0.9564     0.797   0.01687  0.007611         0
     21/24     9.61G   0.01792   0.01256         0   0.03048        10       640    0.9037    0.9114     0.951    0.7845   0.01648  0.007994         0
     22/24     9.61G   0.01757   0.01218         0   0.02975        12       640    0.9281    0.9008    0.9521    0.7968   0.01716  0.007777         0
     23/24     9.61G   0.01672   0.01187         0   0.02859        10       640      0.92    0.9219    0.9621    0.7959    0.0168  0.007706         0
     24/24     9.61G   0.01655    0.0116         0   0.02815        11       640     0.932    0.8966     0.956    0.7995   0.01815  0.007986         0
